[header-img.jpg]
filters=Border=1,19.883041,0.000000,0.000000,ff8bbc3c,ffe8e8e8,0.000000;
moddate=8028495871c9ce01
width=883
height=463
text=2;143;22;Plumming &#010;Consumer's &#010;;Arial;0.502922,0.148256,0.111003,6.283185;v1,4285706533,4278190080,128.000000,1.000000,0.093458,1.000000,700,2,49152;;131;10;CONFIDENCE;Arial;0.498749,0.371476,0.139357,6.283185;v1,4280055879,4278190080,128.000000,1.000000,0.093458,1.000000,700,2,49152;;
textactive=1
